# data from 10.1021/acscatal.6b03147 with roughness x, faradaic efficiencies given if not otherwise indicated
# U_SHE  I(mA/cm2)  Hydrogen  Methane  Ethylene  CO  Formate  Ethanol  Acetate  sel CO / C1+C2  sig-sel
-7.012000e-01 8.000000e-04 0.000000e+00 0.000000e+00 0.000000e+00 1.000000e+00 0.000000e+00 0.000000e+00 0.000000e+00 0.000000e+00 0.000000e+00
-8.012000e-01 9.483391e-02 9.395373e-01 0.000000e+00 0.000000e+00 1.476265e-02 0.000000e+00 0.000000e+00 0.000000e+00 0.000000e+00 0.000000e+00
-9.012000e-01 1.777919e-01 8.903667e-01 0.000000e+00 0.000000e+00 5.343325e-02 0.000000e+00 0.000000e+00 0.000000e+00 0.000000e+00 0.000000e+00
-1.001200e+00 3.259056e-01 8.895214e-01 0.000000e+00 0.000000e+00 5.737858e-02 0.000000e+00 0.000000e+00 0.000000e+00 0.000000e+00 0.000000e+00
-1.101200e+00 5.102260e-01 8.558951e-01 0.000000e+00 2.547890e-02 7.428080e-02 6.624515e-02 0.000000e+00 0.000000e+00 0.000000e+00 0.000000e+00
-1.251200e+00 9.759356e-01 6.647980e-01 1.936603e-02 1.573874e-01 4.877371e-02 9.037482e-02 0.000000e+00 0.000000e+00 0.000000e+00 0.000000e+00
-1.301200e+00 1.389423e+00 6.211211e-01 2.389481e-02 1.885675e-01 2.706159e-02 8.190450e-02 8.564706e-03 5.685813e-03 0.000000e+00 0.000000e+00
-1.351200e+00 2.609676e+00 5.496467e-01 5.644378e-02 2.580013e-01 2.287640e-02 4.904823e-02 4.119285e-02 2.490730e-03 0.000000e+00 0.000000e+00
-1.401200e+00 4.265694e+00 3.574799e-01 1.762433e-01 3.042881e-01 1.451112e-02 4.135317e-02 6.517110e-02 7.853352e-03 0.000000e+00 0.000000e+00
-1.451200e+00 5.039382e+00 3.761573e-01 2.920993e-01 2.096686e-01 9.128104e-03 3.375414e-02 3.137290e-02 5.119676e-03 0.000000e+00 0.000000e+00
-1.501200e+00 9.284656e+00 5.955525e-01 3.028761e-01 6.805852e-02 1.077046e-03 1.330152e-02 1.752354e-02 7.108502e-04 0.000000e+00 0.000000e+00
-1.551200e+00 1.199492e+01 6.803296e-01 2.809856e-01 1.037106e-02 3.501482e-04 1.236357e-02 0.000000e+00 0.000000e+00 0.000000e+00 0.000000e+00
-1.601200e+00 1.010172e+01 7.999331e-01 2.253874e-01 4.553680e-03 3.266771e-04 4.999149e-03 0.000000e+00 0.000000e+00 0.000000e+00 0.000000e+00
-1.651200e+00 1.638445e+01 7.631933e-01 1.926278e-01 1.281703e-03 2.075139e-04 3.289705e-03 0.000000e+00 0.000000e+00 0.000000e+00 0.000000e+00
