# data from 10.1021/ja3010978 with roughness 30.1, faradaic efficiencies given if not otherwise indicated
# U_SHE  I(mA/cm2)  Formate  Acetaldehyde  Ethanol  n-propanol  CO  Ethylene  Ethane  sel CO / C1+C2  sig-sel
-6.248000e-01 9.300000e-02 2.200000e-02 0.000000e+00 0.000000e+00 0.000000e+00 2.070000e-01 0.000000e+00 0.000000e+00 1.000000e+00 0.000000e+00
-6.748000e-01 1.540000e-01 3.000000e-02 0.000000e+00 0.000000e+00 0.000000e+00 2.900000e-01 0.000000e+00 0.000000e+00 1.000000e+00 0.000000e+00
-7.248000e-01 3.870000e-01 5.500000e-02 0.000000e+00 0.000000e+00 0.000000e+00 3.930000e-01 0.000000e+00 0.000000e+00 1.000000e+00 0.000000e+00
-7.748000e-01 6.430000e-01 1.100000e-01 0.000000e+00 0.000000e+00 0.000000e+00 4.670000e-01 0.000000e+00 0.000000e+00 1.000000e+00 0.000000e+00
-8.248000e-01 1.000000e+00 1.080000e-01 0.000000e+00 0.000000e+00 0.000000e+00 3.850000e-01 0.000000e+00 0.000000e+00 1.000000e+00 0.000000e+00
-8.748000e-01 1.480000e+00 2.960000e-01 0.000000e+00 0.000000e+00 0.000000e+00 4.140000e-01 0.000000e+00 0.000000e+00 1.000000e+00 0.000000e+00
-9.248000e-01 1.680000e+00 3.290000e-01 2.100000e-02 3.000000e-02 0.000000e+00 3.500000e-01 0.000000e+00 0.000000e+00 9.395973e-01 0.000000e+00
-9.748000e-01 2.600000e+00 3.880000e-01 2.300000e-02 3.500000e-02 0.000000e+00 3.010000e-01 0.000000e+00 0.000000e+00 9.218989e-01 0.000000e+00
-1.024800e+00 3.170000e+00 3.250000e-01 2.000000e-02 4.600000e-02 0.000000e+00 2.780000e-01 1.200000e-02 2.300000e-02 8.718378e-01 0.000000e+00
-1.074800e+00 4.670000e+00 3.190000e-01 2.300000e-02 4.400000e-02 0.000000e+00 2.070000e-01 1.700000e-02 3.500000e-02 8.131465e-01 0.000000e+00
-1.124800e+00 6.150000e+00 3.210000e-01 1.200000e-02 2.300000e-02 0.000000e+00 1.530000e-01 2.400000e-02 4.700000e-02 7.908339e-01 0.000000e+00
-1.174800e+00 9.040000e+00 2.420000e-01 1.500000e-02 4.100000e-02 3.700000e-02 1.080000e-01 3.000000e-02 5.610000e-02 5.963556e-01 0.000000e+00
-1.224800e+00 1.230000e+01 2.200000e-01 1.300000e-02 3.700000e-02 7.100000e-02 7.700000e-02 3.300000e-02 5.800000e-02 4.629259e-01 0.000000e+00
-1.274800e+00 1.500000e+01 1.020000e-01 5.100000e-03 4.700000e-02 5.700000e-02 6.400000e-02 3.900000e-02 6.600000e-02 4.225817e-01 0.000000e+00
