# data from 10.1021/acscatal.6b03147 with roughness 32.0, faradaic efficiencies given if not otherwise indicated
# U_SHE  I(mA/cm2)  Methane  Ethylene  CO  Hydrogen  Formate  Ethanol  Acetate  n-propanol  sel CO / C1+C2
-6.812000e-01 1.300000e-03 0.000000e+00 0.000000e+00 1.000000e+00 0.000000e+00 0.000000e+00 0.000000e+00 0.000000e+00 0.000000e+00 1.000000e+00
-7.812000e-01 3.041249e-01 0.000000e+00 0.000000e+00 2.564736e-02 8.713526e-01 0.000000e+00 0.000000e+00 0.000000e+00 0.000000e+00 1.000000e+00
-8.812000e-01 6.202083e-01 0.000000e+00 0.000000e+00 8.029560e-02 8.368156e-01 4.288881e-02 0.000000e+00 0.000000e+00 0.000000e+00 1.000000e+00
-9.312000e-01 8.383138e-01 0.000000e+00 0.000000e+00 9.960471e-02 7.777518e-01 5.964354e-02 0.000000e+00 0.000000e+00 0.000000e+00 1.000000e+00
-1.031200e+00 1.607089e+00 0.000000e+00 7.902486e-03 1.043502e-01 6.906897e-01 1.280576e-01 0.000000e+00 0.000000e+00 0.000000e+00 9.705984e-01
-1.081200e+00 2.371820e+00 0.000000e+00 5.523184e-02 1.049827e-01 5.161437e-01 2.197468e-01 0.000000e+00 1.589497e-02 0.000000e+00 7.625561e-01
-1.181200e+00 6.372304e+00 0.000000e+00 1.055662e-01 5.495657e-02 4.221079e-01 2.492819e-01 1.112627e-02 1.743482e-02 2.052633e-02 4.449206e-01
-1.231200e+00 8.462417e+00 0.000000e+00 1.731893e-01 3.968134e-02 4.121872e-01 1.346424e-01 4.670061e-02 1.343588e-02 8.216329e-02 2.233351e-01
-1.281200e+00 1.127738e+01 2.447378e-03 1.507088e-01 2.873895e-02 3.754153e-01 1.099635e-01 7.548741e-02 9.949122e-03 7.828948e-02 1.735373e-01
-1.331200e+00 1.595796e+01 7.218966e-03 2.050888e-01 1.986469e-02 3.720713e-01 1.061978e-01 6.411219e-02 6.899376e-03 5.354693e-02 1.235959e-01
-1.381200e+00 2.772053e+01 7.499857e-03 3.236591e-01 4.794281e-03 3.670385e-01 3.017980e-02 8.512464e-02 4.466004e-03 4.923788e-02 2.424060e-02
-1.431200e+00 3.411603e+01 7.122750e-03 2.292177e-01 2.248210e-03 5.441811e-01 1.729685e-02 8.584526e-02 3.341537e-03 3.374659e-02 1.507297e-02
-1.481200e+00 5.311853e+01 1.152140e-02 1.212383e-01 8.264536e-04 7.070979e-01 4.425951e-03 5.452335e-02 2.008715e-03 1.035797e-02 1.026273e-02
-1.531200e+00 5.861904e+01 1.376686e-02 3.360683e-02 2.217710e-04 8.923722e-01 2.031763e-03 1.278424e-02 0.000000e+00 1.216328e-03 9.714832e-03
