# data from 10.1039/c2ee21234j with roughness 1.1, faradaic efficiencies given if not otherwise indicated
# U_SHE  I(mA/cm2)  Hydrogen  Methane  Formate  CO  Methanol  Ethylene  Ethanol  Glycolaldehyde  Acetaldehyde  Acetate  Ethylene-Glycol  n-propanol  Allyl-Alcohol  Propionaldehyde  Acetone  Hydroxyacetone  sel CO / C1+C2
-1.570730e+00 -1.734000e+01 5.166000e-01 4.101000e-01 4.600000e-03 2.900000e-03 1.000000e-04 9.300000e-02 1.670000e-02 0.000000e+00 0.000000e+00 4.000000e-04 1.000000e-04 1.300000e-03 0.000000e+00 0.000000e+00 0.000000e+00 0.000000e+00 1.929410e-02
-1.539310e+00 -1.224855e+01 3.248000e-01 3.990000e-01 8.100000e-03 4.300000e-03 1.400000e-03 1.532000e-01 5.530000e-02 6.200000e-03 1.700000e-03 1.600000e-03 8.000000e-04 8.900000e-03 1.100000e-03 0.000000e+00 4.000000e-04 0.000000e+00 2.153050e-02
-1.494810e+00 -9.225500e+00 2.220000e-01 2.961000e-01 1.420000e-02 6.300000e-03 4.000000e-04 2.095000e-01 9.210000e-02 3.500000e-03 2.600000e-03 2.300000e-03 1.500000e-03 2.080000e-02 8.700000e-03 0.000000e+00 8.000000e-04 0.000000e+00 2.823656e-02
-1.455590e+00 -5.909750e+00 2.261000e-01 2.441000e-01 2.050000e-02 1.070000e-02 2.000000e-04 2.598000e-01 9.750000e-02 2.800000e-03 3.400000e-03 3.000000e-03 1.300000e-03 2.540000e-02 1.170000e-02 0.000000e+00 8.000000e-04 0.000000e+00 4.437471e-02
-1.414170e+00 -3.565430e+00 2.539000e-01 1.743000e-01 1.074000e-01 4.030000e-02 3.000000e-04 1.793000e-01 5.630000e-02 1.000000e-04 1.700000e-03 2.500000e-03 1.400000e-03 4.010000e-02 1.620000e-02 4.800000e-03 2.000000e-04 4.000000e-04 1.878190e-01
-1.356460e+00 -1.906250e+00 3.020000e-01 3.020000e-02 1.737000e-01 6.620000e-02 1.100000e-03 1.021000e-01 2.500000e-02 0.000000e+00 1.400000e-03 9.000000e-04 3.000000e-04 2.690000e-02 2.400000e-03 4.500000e-03 1.000000e-04 0.000000e+00 4.595414e-01
-1.288420e+00 -1.230700e+00 3.766000e-01 7.300000e-03 2.460000e-01 8.740000e-02 0.000000e+00 3.630000e-02 0.000000e+00 0.000000e+00 0.000000e+00 0.000000e+00 0.000000e+00 0.000000e+00 0.000000e+00 0.000000e+00 0.000000e+00 0.000000e+00 8.424502e-01
-1.218440e+00 -8.581100e-01 4.376000e-01 1.400000e-03 2.271000e-01 7.640000e-02 0.000000e+00 1.840000e-02 0.000000e+00 0.000000e+00 0.000000e+00 0.000000e+00 0.000000e+00 0.000000e+00 0.000000e+00 0.000000e+00 0.000000e+00 0.000000e+00 9.083343e-01
-1.146810e+00 -5.522100e-01 6.182000e-01 7.000000e-04 1.922000e-01 1.147000e-01 0.000000e+00 4.300000e-03 0.000000e+00 0.000000e+00 0.000000e+00 0.000000e+00 0.000000e+00 0.000000e+00 0.000000e+00 0.000000e+00 0.000000e+00 0.000000e+00 9.837472e-01
-1.073380e+00 -3.951900e-01 7.619000e-01 0.000000e+00 8.590000e-02 1.837000e-01 0.000000e+00 0.000000e+00 0.000000e+00 0.000000e+00 0.000000e+00 0.000000e+00 0.000000e+00 0.000000e+00 0.000000e+00 0.000000e+00 0.000000e+00 0.000000e+00 1.000000e+00
