# data from 10.1021/acscatal.6b03147 with roughness 1.2, faradaic efficiencies given if not otherwise indicated
# U_SHE  I(mA/cm2)  Methane  Ethylene  CO  Hydrogen  Formate  Ethanol  Acetate  sel CO / C1+C2  sig-sel
-1.001200e+00 2.763471e-01 0.000000e+00 0.000000e+00 3.256774e-03 9.636432e-01 0.000000e+00 0.000000e+00 0.000000e+00 1.000000e+00 9.428090e-01
-1.051200e+00 5.956549e-01 0.000000e+00 0.000000e+00 2.686119e-03 9.257039e-01 4.281003e-02 0.000000e+00 0.000000e+00 1.000000e+00 1.325825e+00
-1.101200e+00 5.210515e-01 0.000000e+00 0.000000e+00 4.414151e-03 8.350422e-01 1.153437e-01 0.000000e+00 0.000000e+00 1.000000e+00 3.689253e-01
-1.201200e+00 7.994027e-01 0.000000e+00 0.000000e+00 2.226662e-02 7.810831e-01 1.677502e-01 0.000000e+00 0.000000e+00 1.000000e+00 5.958765e-01
-1.301200e+00 1.249161e+00 2.481666e-03 4.563064e-03 1.031893e-01 6.475548e-01 1.954112e-01 0.000000e+00 0.000000e+00 9.768482e-01 3.193847e-01
-1.351200e+00 1.185417e+00 2.817575e-02 3.779262e-02 9.869947e-02 5.880633e-01 2.072689e-01 0.000000e+00 0.000000e+00 8.166399e-01 4.674537e-01
-1.401200e+00 2.479698e+00 1.831271e-01 1.087229e-01 4.613465e-02 5.527286e-01 1.165868e-01 0.000000e+00 0.000000e+00 3.407145e-01 1.660379e-01
-1.451200e+00 4.306453e+00 2.891939e-01 1.748771e-01 4.695279e-02 3.479894e-01 6.539024e-02 2.935130e-02 8.545315e-03 2.272208e-01 1.993758e-01
-1.501200e+00 8.416265e+00 4.210419e-01 1.655841e-01 5.869587e-03 3.286256e-01 3.076186e-02 4.132474e-02 2.792212e-03 2.998434e-02 1.862711e-02
-1.551200e+00 8.414665e+00 4.421566e-01 3.091032e-02 1.437966e-03 5.086952e-01 2.451672e-02 5.656791e-03 2.626367e-03 1.120305e-02 7.961503e-03
-1.601200e+00 1.075028e+01 2.805787e-01 3.944083e-03 1.292989e-03 7.638219e-01 1.756233e-02 0.000000e+00 0.000000e+00 1.770847e-02 2.510543e-02
-1.651200e+00 1.751618e+01 2.225770e-01 7.821339e-04 6.165727e-04 7.832471e-01 9.277135e-03 0.000000e+00 0.000000e+00 1.089858e-02 1.534435e-02
