# data from 10.1038/s41929-022-00757-8 with roughness 75.3, faradaic efficiencies given if not otherwise indicated
# U_SHE  I(mA/cm2)  Hydrogen  Ethylene  Acetate  Ethanol  n-propanol  sel Ac / C2
-1.376000e+00 2.521000e+01 6.700000e-01 1.500000e-01 6.000000e-02 6.000000e-02 6.000000e-02 3.243243e-01
-1.466000e+00 4.497000e+01 5.800000e-01 1.600000e-01 1.200000e-01 6.000000e-02 4.000000e-02 4.931507e-01
-1.486000e+00 1.290700e+02 4.200000e-01 2.000000e-01 2.200000e-01 8.000000e-02 4.000000e-02 5.892857e-01
-1.566000e+00 2.808100e+02 4.200000e-01 1.800000e-01 2.800000e-01 1.300000e-01 4.000000e-02 6.245353e-01
-1.616000e+00 2.675300e+02 3.000000e-01 1.800000e-01 2.200000e-01 9.000000e-02 3.000000e-02 6.027397e-01
-1.646000e+00 3.807000e+02 3.400000e-01 2.000000e-01 2.400000e-01 1.300000e-01 6.000000e-02 5.647059e-01
-1.676000e+00 5.158700e+02 3.000000e-01 1.900000e-01 2.400000e-01 1.000000e-01 5.000000e-02 5.975104e-01
-1.796000e+00 6.142500e+02 3.800000e-01 1.600000e-01 2.300000e-01 1.000000e-01 4.000000e-02 6.160714e-01
