# data from 10.1021/acscatal.6b03147 with roughness x, faradaic efficiencies given if not otherwise indicated
# U_SHE  I(mA/cm2)  Hydrogen  Methane  Ethylene  CO  Formate  Ethanol  Acetate  sel CO / C1+C2  sig-sel
-9.012000e-01 2.076817e-01 9.331589e-01 0.000000e+00 0.000000e+00 6.741086e-03 0.000000e+00 0.000000e+00 0.000000e+00 1.000000e+00 0.000000e+00
-1.001200e+00 5.508458e-01 9.105997e-01 0.000000e+00 0.000000e+00 2.341853e-02 7.098176e-02 0.000000e+00 0.000000e+00 1.000000e+00 0.000000e+00
-1.101200e+00 6.913779e-01 7.816275e-01 0.000000e+00 0.000000e+00 3.760606e-02 1.735664e-01 0.000000e+00 0.000000e+00 1.000000e+00 0.000000e+00
-1.151200e+00 8.327929e-01 7.281523e-01 0.000000e+00 0.000000e+00 4.106663e-02 2.175811e-01 0.000000e+00 0.000000e+00 1.000000e+00 0.000000e+00
-1.201200e+00 1.090404e+00 6.649828e-01 0.000000e+00 3.943492e-03 5.328299e-02 2.500907e-01 0.000000e+00 0.000000e+00 9.712471e-01 0.000000e+00
-1.301200e+00 1.435884e+00 6.357059e-01 9.332229e-03 3.287173e-02 6.038092e-02 2.248092e-01 0.000000e+00 0.000000e+00 7.959240e-01 0.000000e+00
-1.401200e+00 2.315420e+00 5.865458e-01 6.750395e-02 1.667084e-01 2.569728e-02 9.233746e-02 5.860708e-02 0.000000e+00 1.936502e-01 0.000000e+00
-1.451200e+00 5.568219e+00 3.788823e-01 2.057390e-01 2.361437e-01 2.356229e-02 4.152135e-02 7.232114e-02 7.830151e-03 1.157266e-01 0.000000e+00
-1.501200e+00 9.508364e+00 2.838238e-01 3.144390e-01 2.412192e-01 2.389475e-02 2.423130e-02 6.839242e-02 6.499541e-03 1.035830e-01 0.000000e+00
-1.551200e+00 1.203489e+01 5.787175e-01 2.610244e-01 7.649427e-02 1.352734e-02 1.857932e-02 3.868752e-02 7.569659e-03 1.041345e-01 0.000000e+00
-1.601200e+00 1.643641e+01 6.884835e-01 2.392310e-01 3.992355e-02 3.510498e-03 5.615580e-03 1.634176e-02 3.194127e-03 3.991298e-02 0.000000e+00
-1.651200e+00 2.406198e+01 7.638026e-01 1.636773e-01 1.272963e-02 2.090435e-03 0.000000e+00 0.000000e+00 0.000000e+00 4.345873e-02 0.000000e+00
